
11.588829755783081
12.852487325668335
13.685503959655762
14.460229635238647
10.773070573806763
13.10265851020813
10.837054967880249
10.84392499923706
11.761317253112793
12.576130867004395
13.787242650985718
14.607927322387695
12.893731832504272
11.075724840164185
12.33709979057312
13.144899606704712
13.955017805099487
13.8184175491333
10.883116006851196
11.625871181488037
12.538793325424194
13.438814878463745
13.406843662261963
11.171240091323853
12.015842914581299
12.949849128723145
13.731960535049438
12.897728443145752
13.608105897903442
13.427761554718018
14.314398527145386
15.16209864616394